Run: run27
Best epoch: 38
Best val_loss: 1.1441
Best val_acc: 0.7382
Training time: 317.7s (5.3 min)

============================================================
VALIDATION SET
============================================================
              precision    recall  f1-score   support

         100       0.69      0.91      0.78        54
         200       0.75      0.82      0.79        51
         500       1.00      0.51      0.67        55
        1000       0.94      0.64      0.76        69
        2000       0.62      0.79      0.69        53
       10000       0.62      0.83      0.71        35

    accuracy                           0.74       317
   macro avg       0.77      0.75      0.73       317
weighted avg       0.79      0.74      0.74       317

Confusion Matrix:
       100  200  500  1000  2000  10000
100     49    1    0     1     3      0
200      6   42    0     1     1      1
500      0   11   28     1     9      6
1000    12    1    0    44     7      5
2000     4    1    0     0    42      6
10000    0    0    0     0     6     29

============================================================
TEST SET
============================================================
              precision    recall  f1-score   support

         100       0.71      0.86      0.77        92
         200       0.77      0.90      0.83        92
         500       1.00      0.60      0.75        92
        1000       0.95      0.77      0.85        92
        2000       0.65      0.72      0.68        92
       10000       0.80      0.88      0.84        92

    accuracy                           0.79       552
   macro avg       0.81      0.79      0.79       552
weighted avg       0.81      0.79      0.79       552

Confusion Matrix:
       100  200  500  1000  2000  10000
100     79    3    0     3     6      1
200      6   83    0     0     1      2
500      0   18   55     1    13      5
1000    15    0    0    71     6      0
2000    12    2    0     0    66     12
10000    0    2    0     0     9     81

============================================================
TRAINING SET
============================================================
              precision    recall  f1-score   support

         100       0.70      0.84      0.76       326
         200       0.80      0.90      0.85       316
         500       1.00      0.63      0.78       256
        1000       0.93      0.76      0.84       406
        2000       0.67      0.67      0.67       317
       10000       0.72      0.88      0.79       272

    accuracy                           0.78      1893
   macro avg       0.80      0.78      0.78      1893
weighted avg       0.80      0.78      0.78      1893

Confusion Matrix:
       100  200  500  1000  2000  10000
100    274   17    0    14    18      3
200     22  284    0     3     1      6
500      1   42  162     3    36     12
1000    58    6    0   307    27      8
2000    35    2    0     1   213     66
10000    3    5    0     1    23    240
