Run: run25
Best epoch: 65
Best val_loss: 0.9278
Best val_acc: 0.8265
Training time: 389.2s (6.5 min)

============================================================
VALIDATION SET
============================================================
              precision    recall  f1-score   support

         100       0.75      0.96      0.85        54
         200       0.90      0.69      0.78        51
         500       1.00      0.73      0.84        55
        1000       0.98      0.78      0.87        69
        2000       0.68      0.98      0.80        53
       10000       0.78      0.83      0.81        35

    accuracy                           0.83       317
   macro avg       0.85      0.83      0.82       317
weighted avg       0.86      0.83      0.83       317

Confusion Matrix:
       100  200  500  1000  2000  10000
100     52    0    0     0     2      0
200      2   35    0     0    10      4
500      0    4   40     1     7      3
1000    15    0    0    54     0      0
2000     0    0    0     0    52      1
10000    0    0    0     0     6     29

============================================================
TEST SET
============================================================
              precision    recall  f1-score   support

         100       0.86      0.82      0.84        92
         200       0.84      0.77      0.80        92
         500       0.98      0.70      0.82        92
        1000       0.95      0.91      0.93        92
        2000       0.60      0.90      0.72        92
       10000       0.82      0.78      0.80        92

    accuracy                           0.81       552
   macro avg       0.84      0.81      0.82       552
weighted avg       0.84      0.81      0.82       552

Confusion Matrix:
       100  200  500  1000  2000  10000
100     75    4    0     0    13      0
200      2   71    0     0    12      7
500      0   10   64     4    13      1
1000     8    0    0    84     0      0
2000     1    0    0     0    83      8
10000    1    0    1     0    18     72

============================================================
TRAINING SET
============================================================
              precision    recall  f1-score   support

         100       0.82      0.83      0.82       326
         200       0.89      0.81      0.85       316
         500       0.98      0.77      0.86       256
        1000       0.97      0.88      0.92       406
        2000       0.65      0.89      0.75       317
       10000       0.80      0.81      0.80       272

    accuracy                           0.84      1893
   macro avg       0.85      0.83      0.84      1893
weighted avg       0.86      0.84      0.84      1893

Confusion Matrix:
       100  200  500  1000  2000  10000
100    271   12    0     1    42      0
200     10  257    0     3    29     17
500      0   19  196     7    32      2
1000    46    0    0   357     0      3
2000     1    0    0     1   283     32
10000    3    0    3     0    47    219
