Run: run23
Best epoch: 38
Best val_loss: 1.3193
Best val_acc: 0.7224
Training time: 288.4s (4.8 min)

============================================================
VALIDATION SET
============================================================
              precision    recall  f1-score   support

         100       0.72      0.78      0.75        54
         200       0.62      0.86      0.72        51
         500       1.00      0.84      0.91        55
        1000       0.94      0.64      0.76        69
        2000       0.54      0.85      0.66        53
       10000       0.73      0.23      0.35        35

    accuracy                           0.72       317
   macro avg       0.76      0.70      0.69       317
weighted avg       0.77      0.72      0.72       317

Confusion Matrix:
       100  200  500  1000  2000  10000
100     42   12    0     0     0      0
200      5   44    0     2     0      0
500      0    4   46     1     3      1
1000     9    4    0    44    11      1
2000     0    7    0     0    45      1
10000    2    0    0     0    25      8

============================================================
TEST SET
============================================================
              precision    recall  f1-score   support

         100       0.63      0.68      0.66        92
         200       0.56      0.87      0.68        92
         500       0.99      0.76      0.86        92
        1000       0.89      0.67      0.77        92
        2000       0.52      0.68      0.59        92
       10000       0.85      0.43      0.58        92

    accuracy                           0.68       552
   macro avg       0.74      0.68      0.69       552
weighted avg       0.74      0.68      0.69       552

Confusion Matrix:
       100  200  500  1000  2000  10000
100     63   27    0     0     2      0
200      8   80    0     2     1      1
500      0   14   70     4     2      2
1000    20    1    0    62     9      0
2000     4   20    0     1    63      4
10000    5    0    1     1    45     40

============================================================
TRAINING SET
============================================================
              precision    recall  f1-score   support

         100       0.63      0.71      0.67       326
         200       0.60      0.85      0.71       316
         500       0.97      0.84      0.90       256
        1000       0.90      0.69      0.78       406
        2000       0.54      0.65      0.59       317
       10000       0.78      0.48      0.59       272

    accuracy                           0.70      1893
   macro avg       0.74      0.70      0.71      1893
weighted avg       0.74      0.70      0.71      1893

Confusion Matrix:
       100  200  500  1000  2000  10000
100    232   83    0     3     8      0
200     26  270    0    13     4      3
500      0   25  215     8     5      3
1000    76    8    1   280    41      0
2000    18   60    0     3   206     30
10000   14    1    5     3   119    130
