Run: run24
Best epoch: 46
Best val_loss: 0.8982
Best val_acc: 0.8391
Training time: 315.9s (5.3 min)

============================================================
VALIDATION SET
============================================================
              precision    recall  f1-score   support

         100       1.00      0.80      0.89        54
         200       0.91      0.84      0.88        51
         500       0.92      0.85      0.89        55
        1000       0.88      0.84      0.86        69
        2000       0.63      0.91      0.74        53
       10000       0.79      0.77      0.78        35

    accuracy                           0.84       317
   macro avg       0.86      0.84      0.84       317
weighted avg       0.86      0.84      0.84       317

Confusion Matrix:
       100  200  500  1000  2000  10000
100     43    1    0     5     5      0
200      0   43    0     1     3      4
500      0    0   47     2     5      1
1000     0    0    1    58    10      0
2000     0    2    1     0    48      2
10000    0    1    2     0     5     27

============================================================
TEST SET
============================================================
              precision    recall  f1-score   support

         100       0.97      0.70      0.81        92
         200       0.82      0.88      0.85        92
         500       0.89      0.87      0.88        92
        1000       0.90      0.88      0.89        92
        2000       0.61      0.84      0.70        92
       10000       0.84      0.73      0.78        92

    accuracy                           0.82       552
   macro avg       0.84      0.82      0.82       552
weighted avg       0.84      0.82      0.82       552

Confusion Matrix:
       100  200  500  1000  2000  10000
100     64    9    0     4    15      0
200      1   81    6     0     3      1
500      0    1   80     4     7      0
1000     1    3    0    81     7      0
2000     0    1    2     0    77     12
10000    0    4    2     1    18     67

============================================================
TRAINING SET
============================================================
              precision    recall  f1-score   support

         100       0.99      0.70      0.82       326
         200       0.84      0.88      0.86       316
         500       0.89      0.90      0.90       256
        1000       0.92      0.90      0.91       406
        2000       0.64      0.80      0.71       317
       10000       0.75      0.75      0.75       272

    accuracy                           0.83      1893
   macro avg       0.84      0.82      0.83      1893
weighted avg       0.84      0.83      0.83      1893

Confusion Matrix:
       100  200  500  1000  2000  10000
100    229   27    0    19    51      0
200      2  279   14     2     5     14
500      0    4  231     7    14      0
1000     1    8    1   367    29      0
2000     0    2    4     2   254     55
10000    0   12   10     4    41    205
