Run: run26
Best epoch: 87
Best val_loss: 0.7418
Best val_acc: 0.8833
Training time: 485.9s (8.1 min)

============================================================
VALIDATION SET
============================================================
              precision    recall  f1-score   support

         100       0.82      0.94      0.88        54
         200       0.91      0.80      0.85        51
         500       1.00      0.95      0.97        55
        1000       0.89      0.90      0.89        69
        2000       0.91      0.77      0.84        53
       10000       0.77      0.94      0.85        35

    accuracy                           0.88       317
   macro avg       0.88      0.88      0.88       317
weighted avg       0.89      0.88      0.88       317

Confusion Matrix:
       100  200  500  1000  2000  10000
100     51    1    0     1     1      0
200      4   41    0     1     1      4
500      0    0   52     3     0      0
1000     5    0    0    62     0      2
2000     2    3    0     3    41      4
10000    0    0    0     0     2     33

============================================================
TEST SET
============================================================
              precision    recall  f1-score   support

         100       0.87      0.95      0.91        92
         200       0.97      0.91      0.94        92
         500       1.00      0.92      0.96        92
        1000       0.91      0.91      0.91        92
        2000       0.95      0.88      0.92        92
       10000       0.88      0.99      0.93        92

    accuracy                           0.93       552
   macro avg       0.93      0.93      0.93       552
weighted avg       0.93      0.93      0.93       552

Confusion Matrix:
       100  200  500  1000  2000  10000
100     87    2    0     0     3      0
200      4   84    0     2     0      2
500      0    0   85     4     1      2
1000     7    0    0    84     0      1
2000     2    1    0     1    81      7
10000    0    0    0     1     0     91

============================================================
TRAINING SET
============================================================
              precision    recall  f1-score   support

         100       0.88      0.92      0.90       326
         200       0.94      0.89      0.92       316
         500       1.00      0.96      0.98       256
        1000       0.93      0.94      0.93       406
        2000       0.95      0.79      0.86       317
       10000       0.80      0.98      0.88       272

    accuracy                           0.91      1893
   macro avg       0.92      0.91      0.91      1893
weighted avg       0.92      0.91      0.91      1893

Confusion Matrix:
       100  200  500  1000  2000  10000
100    301   13    0     3     9      0
200     15  282    0     6     1     12
500      0    1  246     6     1      2
1000    19    0    0   380     2      5
2000     8    2    0     9   251     47
10000    0    1    0     3     1    267
